# NaN NaN NaN ;Mean Elev.(m), Avg Gradient(m/km), RMS Gradient(m/km) - SRTM1     
#   10.727  -0.277   2.843 ;Mean Elev.(m), Avg Gradient(m/km), RMS Gradient(m/km) - ASTER GDEM
#    0.935  -0.544   2.249 ;Mean Elev.(m), Avg Gradient(m/km), RMS Gradient(m/km) - GMTED2010 
  8     0.960 52492.73977569 26.06  44.088943  65.999766 12.070
  8    -0.929 52492.73977633 29.80  44.085743  66.002856 12.070
  8    -1.472 52492.73977698 33.97  44.082553  66.005936 12.070
  8    -1.331 52492.73977762 33.24  44.079353  66.009026 12.070
  8     0.270 52492.73977826 32.57  44.076153  66.012116 12.070
  8     2.924 52492.73977891 34.03  44.072963  66.015206 12.070
  8     3.115 52492.73977955 35.58  44.069763  66.018296 12.070
  8     2.777 52492.73978020 36.35  44.066561  66.021382 12.199
  8     1.511 52492.73978084 39.13  44.063361  66.024472 12.199
  8     1.602 52492.73978149 37.53  44.060161  66.027552 12.199
  8     0.939 52492.73978213 34.89  44.056961  66.030642 12.199
  8     0.458 52492.73978278 32.94  44.053761  66.033732 12.199
  8    -1.272 52492.73978342 38.62  44.050561  66.036822 12.199
 10     3.588 52562.73979856 18.49  44.081338  65.992253 13.140
 10     1.702 52562.73979921 23.77  44.078138  65.995333 13.140
 10     2.956 52562.73979985 17.72  44.074948  65.998423 13.140
 10     2.216 52562.73980049 18.37  44.071748  66.001513 13.140
 10     8.973 52562.73980114 16.51  44.068558  66.004603 13.140
 10     2.587 52562.73980178 19.72  44.065361  66.007690  9.868
 10     5.181 52562.73980243 23.06  44.062161  66.010780  9.868
 10     5.897 52562.73980307 23.88  44.058961  66.013860  9.868
 10     5.152 52562.73980372 25.30  44.055761  66.016950  9.868
 10     3.172 52562.73980436 25.29  44.052561  66.020040  9.868
 10     2.350 52562.73980501 25.42  44.049361  66.023130  9.868
 10     1.640 52562.73980565 24.79  44.046161  66.026210  9.868
 10     0.856 52562.73980630 24.74  44.042961  66.029300  9.868
 12     1.312 52632.73976108 21.83  44.081886  65.986381 15.149
 12     1.119 52632.73976173 24.68  44.078696  65.989471 15.149
 12     0.927 52632.73976237 25.81  44.075506  65.992561 15.149
 12     0.848 52632.73976302 26.72  44.072306  65.995651 15.149
 12     0.943 52632.73976366 31.24  44.069116  65.998741 15.149
 12     0.548 52632.73976431 33.42  44.065916  66.001821 15.149
 12     0.725 52632.73976495 35.32  44.062726  66.004911 15.149
 12     0.545 52632.73976559 35.24  44.059526  66.008001 15.149
 12     0.540 52632.73976624 30.41  44.056326  66.011091 15.149
 12     0.481 52632.73976688 35.14  44.053126  66.014171 15.149
 12     0.449 52632.73976753 32.18  44.049931  66.017262 14.368
 12     0.351 52632.73976817 33.04  44.046731  66.020352 14.368
 12     0.366 52632.73976882 35.36  44.043531  66.023442 14.368
 12     0.389 52632.73976946 36.69  44.040331  66.026522 14.368
 13     4.059 52667.73977983 10.42  44.083008  65.993802  4.302
 13     1.218 52667.73978048 15.43  44.079818  65.996892  4.302
 13     2.700 52667.73978112 14.20  44.076618  65.999982  4.302
 13     1.203 52667.73978177 15.33  44.073428  66.003072  4.302
 13     1.157 52667.73978241 17.57  44.070228  66.006152  4.302
 13     1.201 52667.73978306 18.87  44.067038  66.009242  4.302
 13     0.975 52667.73978370 23.01  44.063838  66.012332  4.302
 13     1.149 52667.73978435 24.54  44.060638  66.015422  4.302
 13     1.677 52667.73978499 27.45  44.057445  66.018508 19.690
 13     1.846 52667.73978564 30.53  44.054245  66.021598 19.690
 13     2.116 52667.73978628 39.75  44.051045  66.024678 19.690
 13     2.113 52667.73978692 46.90  44.047845  66.027768 19.690
 13     2.169 52667.73978757 46.48  44.044645  66.030858 19.690
 14     3.901 52702.73975400 14.69  44.082562  65.991082 12.482
 14     3.895 52702.73975465 14.96  44.079372  65.994172 12.482
 14     1.700 52702.73975529 15.97  44.076172  65.997262 12.482
 14    -4.629 52702.73975594 18.10  44.072972  66.000352 12.482
 14    -3.940 52702.73975658 19.46  44.069782  66.003442 12.482
 14    -3.495 52702.73975723 21.27  44.066582  66.006522 12.482
 14    -3.078 52702.73975787 24.10  44.063382  66.009612 12.482
 14    -2.404 52702.73975852 26.03  44.060182  66.012702 12.482
 14    -1.354 52702.73975916 26.39  44.056992  66.015792 12.482
 14    -1.284 52702.73975981 29.44  44.053792  66.018872 12.482
 14    -1.122 52702.73976045 34.06  44.050582  66.021962 12.482
 14    -1.172 52702.73976110 39.24  44.047382  66.025052 12.482
 14    -1.419 52702.73976174 43.91  44.044182  66.028142 12.482
 14    -1.565 52702.73976239 49.61  44.040982  66.031222 12.482
 16     3.679 52772.73975868 33.34  44.093699  66.000725 32.409
 16     0.077 52772.73975932 34.36  44.090509  66.003815 32.409
 16     0.014 52772.73975997 36.91  44.087309  66.006905 32.409
 16    -0.129 52772.73976061 36.71  44.084119  66.009995 32.409
 16    -0.069 52772.73976126 39.39  44.080919  66.013075 32.409
 16    -0.274 52772.73976190 39.25  44.077729  66.016165 32.409
 16    -0.430 52772.73976255 39.19  44.074529  66.019255 32.409
 16    -0.777 52772.73976319 39.10  44.071332  66.022346  9.897
 16    -0.558 52772.73976383 44.26  44.068132  66.025426  9.897
 16    -0.663 52772.73976448 39.52  44.064932  66.028516  9.897
 16    -0.618 52772.73976512 33.46  44.061742  66.031606  9.897
 16    -0.511 52772.73976577 37.40  44.058532  66.034696  9.897
 16    -0.556 52772.73976641 36.31  44.055332  66.037786  9.897
 16    -0.564 52772.73976706 38.73  44.052132  66.040866  9.897
 17     0.814 52807.73981600 40.14  44.082244  65.981609 21.725
 17     0.634 52807.73981665 36.60  44.079044  65.984689 21.725
 17     0.389 52807.73981729 27.54  44.075854  65.987779 21.725
 17     2.778 52807.73981794 24.55  44.072664  65.990869 21.725
 17     2.804 52807.73981858 23.87  44.069464  65.993959 21.725
 17     2.650 52807.73981923 22.39  44.066274  65.997049 21.725
 17     0.870 52807.73981987 23.36  44.063074  66.000129 21.725
 17     0.171 52807.73982052 25.72  44.059884  66.003219 21.725
 17     0.240 52807.73982116 27.13  44.056684  66.006309 21.725
 17     0.340 52807.73982181 28.54  44.053484  66.009399 21.725
 17     0.231 52807.73982245 32.15  44.050284  66.012489 21.725
 17     0.938 52807.73982310 29.06  44.047087  66.015571  8.630
 17     1.761 52807.73982374 25.21  44.043887  66.018661  8.630
 17     1.438 52807.73982438 23.98  44.040687  66.021751  8.630
 17     0.790 52807.73982503 25.21  44.037487  66.024831  8.630
 18     2.451 52842.73987488 26.22  44.082508  65.985464 19.890
 18     2.372 52842.73987552 23.81  44.079318  65.988554 19.890
 18     2.341 52842.73987616 23.95  44.076128  65.991644 19.890
 18     2.870 52842.73987681 19.90  44.072928  65.994734 19.890
 18     2.217 52842.73987745 17.28  44.069738  65.997824 19.890
 18     1.959 52842.73987810 17.31  44.066538  66.000904 19.890
 18     1.931 52842.73987874 17.45  44.063348  66.003994 19.890
 18     2.104 52842.73987939 17.81  44.060148  66.007084 19.890
 18     2.444 52842.73988003 18.52  44.056948  66.010174 19.890
 18     2.522 52842.73988068 18.87  44.053748  66.013264 19.890
 18     2.333 52842.73988132 21.68  44.050552  66.016347 13.825
 18     2.212 52842.73988197 23.11  44.047352  66.019437 13.825
 18     1.818 52842.73988261 24.14  44.044152  66.022527 13.825
 18     1.215 52842.73988326 25.07  44.040952  66.025607 13.825
 19    -0.994 52877.73991418 49.43  44.081489  65.990403 28.655
 19    -1.009 52877.73991482 50.76  44.078299  65.993493 28.655
 19    -1.145 52877.73991547 51.84  44.075099  65.996583 28.655
 19    -1.096 52877.73991611 52.67  44.071909  65.999673 28.655
 19    -1.057 52877.73991676 47.19  44.068709  66.002753 28.655
 19    -1.128 52877.73991740 51.99  44.065519  66.005843 28.655
 19    -1.081 52877.73991805 51.90  44.062319  66.008933 28.655
 19    -1.115 52877.73991869 50.10  44.059119  66.012023 28.655
 19    -1.233 52877.73991934 49.78  44.055926  66.015109 19.579
 19    -1.403 52877.73991998 50.90  44.052726  66.018199 19.579
 19    -1.517 52877.73992063 48.60  44.049526  66.021279 19.579
 19    -1.637 52877.73992127 46.13  44.046326  66.024369 19.579
 19    -1.859 52877.73992192 48.02  44.043126  66.027459 19.579
 19    -2.006 52877.73992256 53.36  44.039926  66.030549 19.579
 20     3.196 52912.73987416 23.63  44.093664  66.001896 19.962
 20     0.299 52912.73987481 26.35  44.090464  66.004986 19.962
 20    -0.015 52912.73987545 28.71  44.087274  66.008066 19.962
 20     2.444 52912.73987610 26.72  44.084074  66.011156 19.962
 20     2.920 52912.73987674 27.09  44.080884  66.014246 19.962
 20     3.129 52912.73987739 28.33  44.077684  66.017336 19.962
 20     3.125 52912.73987803 32.66  44.074484  66.020426 19.962
 20     2.700 52912.73987868 38.44  44.071294  66.023506 19.962
 20     2.627 52912.73987932 37.78  44.068094  66.026596 19.962
 20     2.203 52912.73987997 35.61  44.064894  66.029686 19.962
 20     1.306 52912.73988061 35.00  44.061694  66.032776 19.962
 20     0.590 52912.73988125 33.54  44.058488  66.035861  6.957
 20    -0.183 52912.73988190 34.90  44.055288  66.038951  6.957
 21    -0.028 52947.73982839 40.07  44.083596  65.982571 26.851
 21     0.008 52947.73982903 44.27  44.080406  65.985661 26.851
 21    -0.082 52947.73982967 43.81  44.077206  65.988741 26.851
 21    -0.145 52947.73983032 35.70  44.074016  65.991831 26.851
 21    -0.153 52947.73983096 32.60  44.070816  65.994921 26.851
 21     0.009 52947.73983161 41.84  44.067626  65.998011 26.851
 21     0.073 52947.73983225 41.64  44.064426  66.001101 26.851
 21     0.059 52947.73983290 42.57  44.061229  66.004184 20.560
 21     0.055 52947.73983354 42.94  44.058029  66.007274 20.560
 21     0.121 52947.73983419 42.69  44.054829  66.010354 20.560
 21     0.147 52947.73983483 38.48  44.051629  66.013444 20.560
 21     0.139 52947.73983548 36.93  44.048429  66.016534 20.560
 21     0.252 52947.73983612 40.55  44.045229  66.019624 20.560
 21     0.308 52947.73983677 41.17  44.042029  66.022704 20.560
 21     0.415 52947.73983741 42.16  44.038829  66.025794 20.560
 23     0.750 53017.73986017 42.77  44.087918  65.998446 18.670
 23     0.725 53017.73986081 46.54  44.084728  66.001536 18.670
 23     0.703 53017.73986146 48.34  44.081528  66.004626 18.670
 23     0.627 53017.73986210 46.86  44.078338  66.007706 18.670
 23     0.644 53017.73986274 46.28  44.075138  66.010796 18.670
 23     0.621 53017.73986339 43.46  44.071948  66.013886 18.670
 23     0.376 53017.73986403 35.75  44.068748  66.016976 18.670
 23     0.332 53017.73986468 34.60  44.065549  66.020065 19.090
 23     0.231 53017.73986532 34.75  44.062349  66.023145 19.090
 23     0.281 53017.73986597 38.62  44.059149  66.026235 19.090
 23     0.323 53017.73986661 44.29  44.055949  66.029325 19.090
 23     0.495 53017.73986726 46.36  44.052749  66.032415 19.090
 23     0.260 53017.73986790 47.49  44.049549  66.035505 19.090
 24    -1.586 53052.73983914 20.82  44.082950  65.988022 14.844
 24    -1.384 53052.73983978 23.77  44.079760  65.991102 14.844
 24    -1.181 53052.73984043 28.30  44.076570  65.994192 14.844
 24    -1.027 53052.73984107 34.42  44.073370  65.997282 14.844
 24    -0.983 53052.73984172 36.13  44.070170  66.000372 14.844
 24    -0.833 53052.73984236 40.88  44.066980  66.003452 14.844
 24    -0.688 53052.73984301 47.99  44.063780  66.006542 14.844
 24    -0.792 53052.73984365 50.54  44.060580  66.009632 14.844
 24    -0.765 53052.73984430 50.01  44.057390  66.012722 14.844
 24    -0.886 53052.73984494 48.64  44.054190  66.015812 14.844
 24    -0.817 53052.73984559 47.25  44.050981  66.018894 17.238
 24    -0.788 53052.73984623 49.36  44.047781  66.021984 17.238
 24    -0.787 53052.73984687 47.42  44.044581  66.025074 17.238
 24    -0.884 53052.73984752 44.90  44.041381  66.028154 17.238
 25    -0.888 53087.73987706 27.45  44.085887  65.994289 12.350
 25    -0.691 53087.73987770 30.05  44.082697  65.997379 12.350
 25    -0.643 53087.73987835 33.26  44.079507  66.000469 12.350
 25    -0.489 53087.73987899 36.23  44.076317  66.003559 12.350
 25    -0.572 53087.73987964 38.12  44.073117  66.006639 12.350
 25    -0.453 53087.73988028 42.77  44.069927  66.009729 12.350
 25    -0.650 53087.73988093 44.22  44.066727  66.012819 12.350
 25    -0.732 53087.73988157 43.71  44.063527  66.015909 12.350
 25    -0.790 53087.73988221 45.53  44.060339  66.018998 17.641
 25    -0.805 53087.73988286 42.99  44.057139  66.022078 17.641
 25    -1.161 53087.73988350 41.59  44.053939  66.025168 17.641
 25    -1.432 53087.73988415 48.67  44.050739  66.028258 17.641
 25    -1.409 53087.73988479 46.67  44.047539  66.031348 17.641
 25    -1.439 53087.73988544 48.58  44.044339  66.034438 17.641
 26     0.949 53122.73984597 30.09  44.082830  65.986570 22.059
 26     0.833 53122.73984661 33.24  44.079640  65.989660 22.059
 26     0.859 53122.73984726 37.10  44.076450  65.992750 22.059
 26     0.874 53122.73984790 41.62  44.073250  65.995840 22.059
 26     0.960 53122.73984855 48.59  44.070060  65.998930 22.059
 26     0.845 53122.73984919 48.02  44.066860  66.002020 22.059
 26     0.842 53122.73984984 47.20  44.063670  66.005100 22.059
 26     0.862 53122.73985048 44.87  44.060470  66.008190 22.059
 26     0.773 53122.73985113 44.23  44.057270  66.011280 22.059
 26     0.709 53122.73985177 46.27  44.054070  66.014370 22.059
 26     0.695 53122.73985242 51.34  44.050875  66.017453 19.000
 26     0.792 53122.73985306 50.03  44.047675  66.020543 19.000
 26     0.835 53122.73985370 50.66  44.044475  66.023633 19.000
 26     0.812 53122.73985435 51.53  44.041275  66.026713 19.000
 27     0.759 53157.73990257 30.38  44.082252  65.984848 14.754
 27     2.052 53157.73990321 24.88  44.079062  65.987938 14.754
 27     1.417 53157.73990386 23.37  44.075872  65.991028 14.754
 27    -0.328 53157.73990450 24.04  44.072682  65.994118 14.754
 27    -0.256 53157.73990514 25.62  44.069482  65.997198 14.754
 27    -0.061 53157.73990579 26.47  44.066292  66.000288 14.754
 27     0.149 53157.73990643 30.29  44.063092  66.003378 14.754
 27     0.382 53157.73990708 31.44  44.059902  66.006468 14.754
 27     0.128 53157.73990772 32.87  44.056702  66.009558 14.754
 27     0.078 53157.73990837 34.06  44.053502  66.012638 14.754
 27    -0.278 53157.73990901 33.58  44.050302  66.015728 14.754
 27    -0.723 53157.73990966 32.89  44.047102  66.018818 14.754
 27     1.109 53157.73991030 28.64  44.043902  66.021908 14.754
 27     1.034 53157.73991095 25.31  44.040702  66.024988 14.754
 28     0.661 53192.73989791 44.98  44.086454  65.996925 18.446
 28     0.530 53192.73989856 48.75  44.083254  66.000015 18.446
 28     0.450 53192.73989920 47.79  44.080064  66.003105 18.446
 28     0.486 53192.73989984 45.75  44.076864  66.006195 18.446
 28     0.487 53192.73990049 44.56  44.073674  66.009275 18.446
 28     0.316 53192.73990113 44.89  44.070474  66.012365 18.446
 28     0.436 53192.73990178 42.27  44.067274  66.015455 18.446
 28     0.323 53192.73990242 47.17  44.064084  66.018545 18.446
 28     0.328 53192.73990307 47.26  44.060885  66.021631 11.555
 28     0.254 53192.73990371 44.98  44.057685  66.024721 11.555
 28     0.181 53192.73990436 48.10  44.054485  66.027801 11.555
 28     0.149 53192.73990500 46.39  44.051285  66.030891 11.555
 28     0.045 53192.73990565 42.72  44.048075  66.033981 11.555
 30     3.704 53262.73986975 22.38  44.089507  65.999583 11.252
 30     2.330 53262.73987040 22.92  44.086317  66.002673 11.252
 30     1.928 53262.73987104 23.99  44.083127  66.005763 11.252
 30     2.239 53262.73987169 25.05  44.079927  66.008853 11.252
 30     2.874 53262.73987233 25.48  44.076737  66.011933 11.252
 30     3.124 53262.73987298 30.16  44.073537  66.015023 11.252
 30     3.044 53262.73987362 35.19  44.070337  66.018113 11.252
 30     2.902 53262.73987427 31.16  44.067148  66.021204  9.962
 30     2.168 53262.73987491 32.06  44.063948  66.024284  9.962
 30    -0.284 53262.73987555 35.33  44.060748  66.027374  9.962
 30     1.398 53262.73987620 32.09  44.057548  66.030464  9.962
 30     0.705 53262.73987684 33.17  44.054348  66.033554  9.962
 30     0.143 53262.73987749 30.32  44.051148  66.036644  9.962
 31     0.678 53297.73990511 31.29  44.080311  65.982095 22.987
 31     0.708 53297.73990575 25.40  44.077111  65.985175 22.987
 31     0.188 53297.73990640 25.84  44.073921  65.988265 22.987
 31     0.286 53297.73990704 25.55  44.070731  65.991355 22.987
 31    -0.022 53297.73990768 27.41  44.067541  65.994445 22.987
 31     0.357 53297.73990833 26.73  44.064341  65.997535 22.987
 31     0.488 53297.73990897 26.49  44.061151  66.000625 22.987
 33    -0.280 53367.73982434 49.56  44.091074  66.003423 19.801
 33    -0.279 53367.73982498 50.13  44.087874  66.006513 19.801
 33    -0.394 53367.73982563 49.86  44.084684  66.009603 19.801
 33    -0.406 53367.73982627 49.19  44.081494  66.012683 19.801
 33    -0.427 53367.73982692 48.38  44.078294  66.015773 19.801
 33    -0.570 53367.73982756 48.10  44.075094  66.018863 19.801
 33    -0.754 53367.73982820 38.05  44.071901  66.021954 23.813
 33    -0.865 53367.73982885 47.46  44.068701  66.025034 23.813
 33    -1.014 53367.73982949 49.33  44.065501  66.028124 23.813
 33    -1.073 53367.73983014 49.44  44.062301  66.031214 23.813
 33    -1.226 53367.73983078 43.59  44.059101  66.034304 23.813
 33    -1.044 53367.73983143 48.85  44.055901  66.037394 23.813
 33    -1.137 53367.73983207 47.84  44.052701  66.040474 23.813
 34     0.837 53402.73985126 22.75  44.082532  65.990521 13.293
 34     0.841 53402.73985190 25.09  44.079342  65.993611 13.293
 34     0.830 53402.73985254 27.06  44.076142  65.996701 13.293
 34     0.897 53402.73985319 30.19  44.072952  65.999791 13.293
 34     0.835 53402.73985383 31.28  44.069752  66.002881 13.293
 34     0.772 53402.73985448 31.71  44.066562  66.005961 13.293
 34     0.713 53402.73985512 29.14  44.063362  66.009051 13.293
 34     0.982 53402.73985577 35.18  44.060162  66.012141 13.293
 34     0.843 53402.73985641 42.31  44.056962  66.015231 13.293
 34     0.726 53402.73985706 40.28  44.053772  66.018315 18.684
 34     0.831 53402.73985770 39.00  44.050572  66.021405 18.684
 34     0.807 53402.73985835 38.58  44.047372  66.024485 18.684
 34     0.824 53402.73985899 42.58  44.044162  66.027575 18.684
 34     0.789 53402.73985964 42.57  44.040962  66.030665 18.684
 35    -0.984 53437.73984143 15.48  44.090505  65.999345  4.682
 35    -1.799 53437.73984208 18.13  44.087315  66.002435  4.682
 35    -1.657 53437.73984272 17.26  44.084115  66.005525  4.682
 35    -1.532 53437.73984337 17.98  44.080925  66.008605  4.682
 35    -1.741 53437.73984401 20.76  44.077725  66.011695  4.682
 35    -1.708 53437.73984466 22.41  44.074535  66.014785  4.682
 35    -1.502 53437.73984530 24.83  44.071335  66.017875  4.682
 35    -1.562 53437.73984595 29.07  44.068138  66.020964 16.460
 35    -1.670 53437.73984659 32.61  44.064938  66.024044 16.460
 35    -1.633 53437.73984724 36.28  44.061738  66.027134 16.460
 35    -1.935 53437.73984788 47.29  44.058538  66.030224 16.460
 35    -2.024 53437.73984853 41.31  44.055338  66.033314 16.460
 35    -1.764 53437.73984917 44.47  44.052138  66.036404 16.460
 35    -1.985 53437.73984982 43.47  44.048938  66.039484 16.460
 37     2.403 53507.73992278 47.75  44.082986  65.993319 12.756
 37     2.520 53507.73992342 36.56  44.079796  65.996409 12.756
 37     2.081 53507.73992407 30.58  44.076596  65.999499 12.756
 37     1.992 53507.73992471 29.75  44.073406  66.002589 12.756
 37     1.815 53507.73992536 29.50  44.070206  66.005679 12.756
 37     1.739 53507.73992600 29.20  44.067016  66.008759 12.756
 37     2.389 53507.73992665 28.42  44.063816  66.011849 12.756
 37     2.834 53507.73992729 27.63  44.060616  66.014939 12.756
 37     2.942 53507.73992794 27.02  44.057416  66.018029 12.756
 37     2.424 53507.73992858 27.28  44.054227  66.021116  7.954
 37     2.425 53507.73992923 25.88  44.051027  66.024206  7.954
 37     2.591 53507.73992987 24.84  44.047827  66.027286  7.954
 37     2.151 53507.73993051 23.18  44.044617  66.030376  7.954
 38    -1.359 53542.73993170 29.36  44.082476  65.993858 17.484
 38    -0.977 53542.73993235 27.97  44.079286  65.996948 17.484
 38    -0.929 53542.73993299 30.90  44.076086  66.000038 17.484
 38    -0.856 53542.73993364 35.20  44.072896  66.003128 17.484
 38    -1.007 53542.73993428 44.69  44.069696  66.006208 17.484
 38    -0.878 53542.73993493 41.78  44.066506  66.009298 17.484
 38    -1.070 53542.73993557 40.78  44.063306  66.012388 17.484
 38    -1.197 53542.73993622 41.95  44.060106  66.015478 17.484
 38    -0.740 53542.73993686 34.60  44.056914  66.018566 10.481
 38    -0.976 53542.73993751 35.61  44.053714  66.021656 10.481
 38    -1.159 53542.73993815 36.58  44.050514  66.024736 10.481
 38    -1.545 53542.73993879 39.79  44.047314  66.027826 10.481
 38    -1.611 53542.73993944 40.34  44.044114  66.030916 10.481
 39     0.985 53577.73991747 36.87  44.086363  65.998260 16.109
 39     0.857 53577.73991811 35.16  44.083173  66.001350 16.109
 39     0.830 53577.73991876 36.68  44.079973  66.004440 16.109
 39     0.920 53577.73991940 44.13  44.076783  66.007530 16.109
 39     0.811 53577.73992005 45.23  44.073583  66.010610 16.109
 39     0.784 53577.73992069 40.55  44.070393  66.013700 16.109
 39     2.198 53577.73992133 37.77  44.067193  66.016790 16.109
 39     0.687 53577.73992198 42.11  44.063993  66.019880 16.109
 39     2.469 53577.73992262 33.24  44.060800  66.022968  6.228
 39     2.180 53577.73992327 34.07  44.057600  66.026048  6.228
 39     0.815 53577.73992391 38.42  44.054400  66.029138  6.228
 39     1.211 53577.73992456 35.20  44.051200  66.032228  6.228
 39     0.465 53577.73992520 33.59  44.048000  66.035318  6.228
 41    -0.423 53647.73987393 28.82  44.081060  65.989588 18.368
 41    -0.369 53647.73987458 26.58  44.077870  65.992678 18.368
 41    -0.495 53647.73987522 26.50  44.074670  65.995768 18.368
 41    -0.717 53647.73987587 29.23  44.071480  65.998858 18.368
 41    -0.412 53647.73987651 29.10  44.068285  66.001947 12.244
 41     0.526 53647.73987716 27.81  44.065085  66.005027 12.244
 41     0.834 53647.73987780 31.47  44.061885  66.008117 12.244
 41     0.139 53647.73987845 33.01  44.058685  66.011207 12.244
 41     0.108 53647.73987909 32.26  44.055495  66.014297 12.244
 41    -0.190 53647.73987974 33.79  44.052295  66.017387 12.244
 41     1.838 53647.73988038 31.88  44.049095  66.020467 12.244
 41     1.432 53647.73988102 33.17  44.045895  66.023557 12.244
 41     1.294 53647.73988167 34.03  44.042685  66.026647 12.244
 41     0.671 53647.73988231 33.05  44.039485  66.029737 12.244
 42     3.393 53682.73988993 24.91  44.082367  65.994073 14.207
 42    -0.100 53682.73989057 26.82  44.079177  65.997163 14.207
 42     0.062 53682.73989122 27.71  44.075977  66.000253 14.207
 42     0.437 53682.73989186 28.31  44.072787  66.003343 14.207
 42     0.888 53682.73989251 25.72  44.069597  66.006423 14.207
 42     0.996 53682.73989315 27.42  44.066397  66.009513 14.207
 42     2.213 53682.73989380 22.46  44.063197  66.012603 14.207
 42     2.431 53682.73989444 22.26  44.060007  66.015693 14.207
 42     2.406 53682.73989508 23.00  44.056801  66.018780 14.251
 42     2.058 53682.73989573 29.86  44.053611  66.021870 14.251
 42     1.918 53682.73989637 33.90  44.050411  66.024950 14.251
 42     1.569 53682.73989702 31.70  44.047211  66.028040 14.251
 42     0.947 53682.73989766 31.37  44.044011  66.031130 14.251
 43    -1.653 53717.73981808 47.65  44.091834  66.000481 23.777
 43    -1.409 53717.73981872 51.41  44.088644  66.003571 23.777
 43    -1.600 53717.73981937 44.99  44.085444  66.006661 23.777
 43    -1.776 53717.73982001 49.94  44.082254  66.009741 23.777
 43    -1.607 53717.73982066 46.93  44.079054  66.012831 23.777
 43    -1.790 53717.73982130 41.48  44.075864  66.015921 23.777
 43    -1.949 53717.73982195 37.43  44.072664  66.019011 23.777
 43    -1.450 53717.73982259 37.15  44.069463  66.022100 17.606
 43    -1.573 53717.73982324 41.20  44.066263  66.025190 17.606
 43    -2.067 53717.73982388 44.91  44.063073  66.028270 17.606
 43    -1.943 53717.73982453 44.40  44.059873  66.031360 17.606
 43    -2.103 53717.73982517 39.17  44.056663  66.034450 17.606
 43    -2.004 53717.73982582 48.61  44.053463  66.037540 17.606
 43    -1.960 53717.73982646 41.79  44.050263  66.040620 17.606
 44    -0.011 53752.73973674 43.57  44.082447  65.990093 18.921
 44    -1.071 53752.73973738 42.27  44.079257  65.993183 18.921
 44     0.032 53752.73973803 37.09  44.076057  65.996273 18.921
 44    -0.076 53752.73973867 42.31  44.072867  65.999363 18.921
 44    -0.195 53752.73973932 42.88  44.069667  66.002443 18.921
 44    -0.138 53752.73973996 43.13  44.066467  66.005533 18.921
 44    -0.190 53752.73974061 44.61  44.063277  66.008623 18.921
 44    -0.284 53752.73974125 46.35  44.060077  66.011713 18.921
 44    -0.332 53752.73974190 49.83  44.056877  66.014803 18.921
 44    -0.377 53752.73974254 51.73  44.053670  66.017884 17.878
 44    -0.550 53752.73974319 47.91  44.050470  66.020974 17.878
 44    -0.621 53752.73974383 47.62  44.047270  66.024064 17.878
 44    -0.661 53752.73974447 48.41  44.044070  66.027144 17.878
 44    -0.656 53752.73974512 47.32  44.040870  66.030234 17.878
 45     1.343 53787.73976816 16.36  44.087841  65.998302  6.921
 45     1.368 53787.73976880 20.96  44.084641  66.001392  6.921
 45     1.379 53787.73976945 24.67  44.081451  66.004472  6.921
 45     1.307 53787.73977009 26.00  44.078251  66.007562  6.921
 45     1.105 53787.73977074 26.81  44.075061  66.010652  6.921
 45     1.115 53787.73977138 26.43  44.071861  66.013742  6.921
 45     1.164 53787.73977203 27.15  44.068661  66.016832  6.921
 45     1.186 53787.73977267 29.57  44.065470  66.019918 18.750
 45     1.387 53787.73977332 34.02  44.062270  66.023008 18.750
 45     1.561 53787.73977396 40.95  44.059070  66.026088 18.750
 45     1.518 53787.73977461 45.17  44.055870  66.029178 18.750
 45     1.502 53787.73977525 45.51  44.052670  66.032268 18.750
 45     1.333 53787.73977590 48.64  44.049470  66.035358 18.750
 47     0.130 53857.73981325 42.63  44.080297  65.988408 28.781
 47     0.190 53857.73981390 49.86  44.077107  65.991498 28.781
 47     0.155 53857.73981454 52.18  44.073917  65.994588 28.781
 47     0.121 53857.73981518 51.58  44.070717  65.997678 28.781
 47     0.119 53857.73981583 48.10  44.067527  66.000768 28.781
 47     0.142 53857.73981647 50.67  44.064327  66.003848 28.781
 47    -0.046 53857.73981712 51.77  44.061137  66.006938 28.781
 47     0.004 53857.73981776 49.98  44.057937  66.010028 28.781
 47    -0.192 53857.73981841 52.61  44.054737  66.013118 28.781
 47    -0.149 53857.73981905 50.43  44.051537  66.016208 28.781
 47    -0.264 53857.73981970 51.11  44.048340  66.019292 16.525
 47    -0.227 53857.73982034 55.13  44.045140  66.022382 16.525
 47    -0.200 53857.73982099 49.91  44.041940  66.025462 16.525
 47    -0.282 53857.73982163 49.14  44.038740  66.028552 16.525
 48     3.672 53892.73982811 17.87  44.085431  65.993196 13.373
 48     3.587 53892.73982875 17.36  44.082231  65.996286 13.373
 48     2.585 53892.73982940 16.69  44.079041  65.999376 13.373
 48     1.735 53892.73983004 17.15  44.075851  66.002466 13.373
 48     1.468 53892.73983069 17.45  44.072651  66.005546 13.373
 48     2.033 53892.73983133 16.04  44.069451  66.008636 13.373
 48     2.170 53892.73983197 18.15  44.066261  66.011726 13.373
 48     2.542 53892.73983262 18.62  44.063061  66.014816 13.373
 48     2.519 53892.73983326 21.34  44.059857  66.017901  9.086
 48     2.265 53892.73983391 21.17  44.056657  66.020991  9.086
 48     2.087 53892.73983455 21.87  44.053457  66.024071  9.086
 48     1.697 53892.73983520 20.78  44.050257  66.027161  9.086
 49     0.434 53927.73988549 33.73  44.083982  65.983071 16.063
 49     0.097 53927.73988614 31.57  44.080792  65.986161 16.063
 49    -0.224 53927.73988678 29.88  44.077592  65.989241 16.063
 49    -0.203 53927.73988743 30.13  44.074402  65.992331 16.063
 49    -0.082 53927.73988807 30.92  44.071212  65.995421 16.063
 49    -0.639 53927.73988872 39.12  44.068012  65.998511 16.063
 49    -0.816 53927.73988936 40.45  44.064822  66.001601 16.063
 49     0.212 53927.73989001 34.99  44.061632  66.004681 16.063
 49     0.616 53927.73989065 32.00  44.058432  66.007771 16.063
 49     0.261 53927.73989130 34.01  44.055232  66.010861 16.063
 49     0.187 53927.73989194 34.00  44.052032  66.013951 16.063
 49     1.364 53927.73989259 32.33  44.048842  66.017041 16.063
 49     1.534 53927.73989323 32.18  44.045644  66.020128  8.516
 49     1.349 53927.73989388 33.49  44.042434  66.023218  8.516
 49    -1.263 53927.73989452 41.30  44.039234  66.026298  8.516
 50    -0.653 53962.73987043 26.05  44.085209  65.993957 26.685
 50    -1.189 53962.73987108 30.89  44.082019  65.997047 26.685
 50    -1.398 53962.73987172 33.04  44.078829  66.000137 26.685
 50    -0.145 53962.73987236 31.53  44.075629  66.003227 26.685
 50     0.346 53962.73987301 28.25  44.072439  66.006317 26.685
 50     1.499 53962.73987365 28.68  44.069239  66.009397 26.685
 50     1.790 53962.73987430 28.70  44.066049  66.012487 26.685
 50     2.274 53962.73987494 29.93  44.062849  66.015577 26.685
 50     2.279 53962.73987559 31.85  44.059649  66.018667 26.685
 50     2.179 53962.73987623 34.57  44.056458  66.021756 16.012
 50     1.997 53962.73987688 38.64  44.053258  66.024846 16.012
 50     1.817 53962.73987752 32.43  44.050058  66.027926 16.012
 50     1.099 53962.73987817 32.65  44.046858  66.031016 16.012
 50     0.561 53962.73987881 31.42  44.043658  66.034106 16.012
 52    -0.592 54032.73986621 46.93  44.083804  65.990245 28.198
 52    -0.636 54032.73986685 48.94  44.080614  65.993335 28.198
 52    -0.583 54032.73986750 46.94  44.077424  65.996425 28.198
 52    -0.584 54032.73986814 44.68  44.074224  65.999515 28.198
 52    -0.663 54032.73986878 48.67  44.071024  66.002605 28.198
 52    -0.751 54032.73986943 44.91  44.067834  66.005695 28.198
 52    -0.711 54032.73987007 46.50  44.064634  66.008775 28.198
 52    -0.714 54032.73987072 45.02  44.061434  66.011865 28.198
 52    -0.723 54032.73987136 45.11  44.058244  66.014955 28.198
 52    -0.862 54032.73987201 42.97  44.055044  66.018045 28.198
 52    -1.016 54032.73987265 47.15  44.051835  66.021128 14.010
 52    -1.009 54032.73987330 45.49  44.048635  66.024218 14.010
 52    -1.119 54032.73987394 44.27  44.045435  66.027308 14.010
 52    -1.227 54032.73987459 45.33  44.042235  66.030388 14.010
 54    -0.576 54102.73982134 48.63  44.089029  66.001565 23.182
 54    -0.606 54102.73982198 50.62  44.085839  66.004655 23.182
 54    -0.624 54102.73982263 50.72  44.082639  66.007745 23.182
 54    -0.721 54102.73982327 48.00  44.079449  66.010825 23.182
 54    -0.801 54102.73982392 49.43  44.076249  66.013915 23.182
 54    -1.097 54102.73982456 45.20  44.073059  66.017005 23.182
 54    -1.195 54102.73982521 41.20  44.069859  66.020095 23.182
 54    -1.538 54102.73982585 38.75  44.066658  66.023184 19.309
 54    -1.368 54102.73982650 38.96  44.063458  66.026264 19.309
 54    -1.491 54102.73982714 50.23  44.060258  66.029354 19.309
 54    -1.522 54102.73982779 44.00  44.057068  66.032444 19.309
 54    -1.442 54102.73982843 48.37  44.053858  66.035534 19.309
 54    -1.558 54102.73982908 51.04  44.050658  66.038624 19.309
 55     0.502 54137.73978879 48.93  44.081146  65.989253 27.389
 55     0.322 54137.73978943 52.36  44.077956  65.992343 27.389
 55     0.499 54137.73979008 51.64  44.074766  65.995433 27.389
 55     0.313 54137.73979072 51.69  44.071566  65.998523 27.389
 55     0.324 54137.73979137 48.83  44.068376  66.001613 27.389
 55     0.300 54137.73979201 51.53  44.065176  66.004693 27.389
 55     0.353 54137.73979266 49.30  44.061976  66.007783 27.389
 55     0.271 54137.73979330 47.80  44.058776  66.010873 27.389
 55     0.203 54137.73979394 49.86  44.055586  66.013963 27.389
 55     0.171 54137.73979459 49.31  44.052386  66.017053 27.389
 55     0.152 54137.73979523 50.89  44.049180  66.020136 18.211
 55     0.129 54137.73979588 48.57  44.045980  66.023226 18.211
 55     0.093 54137.73979652 49.99  44.042780  66.026306 18.211
 55    -0.038 54137.73979717 50.82  44.039580  66.029396 18.211
 56     2.042 54172.73979829 26.40  44.087709  65.998361 17.322
 56     2.089 54172.73979894 31.08  44.084519  66.001451 17.322
 56     2.207 54172.73979958 37.95  44.081319  66.004541 17.322
 56     2.210 54172.73980023 45.06  44.078129  66.007621 17.322
 56     2.042 54172.73980087 40.18  44.074929  66.010711 17.322
 56     2.021 54172.73980152 38.15  44.071739  66.013801 17.322
 56     1.937 54172.73980216 33.28  44.068539  66.016891 17.322
 56     2.097 54172.73980281 31.01  44.065342  66.019980 13.222
 56     2.156 54172.73980345 32.11  44.062142  66.023070 13.222
 56     2.125 54172.73980410 33.13  44.058942  66.026150 13.222
 56     2.085 54172.73980474 34.40  44.055742  66.029240 13.222
 56     2.121 54172.73980539 35.13  44.052542  66.032330 13.222
 56     2.082 54172.73980603 34.94  44.049342  66.035420 13.222
 57    -1.222 54207.73979425 50.31  44.079946  65.988341 24.303
 57    -1.195 54207.73979490 50.98  44.076756  65.991431 24.303
 57    -1.158 54207.73979554 47.01  44.073556  65.994521 24.303
 57    -1.194 54207.73979619 50.65  44.070366  65.997611 24.303
 57    -1.447 54207.73979683 48.06  44.067166  66.000691 24.303
 57    -1.345 54207.73979748 51.77  44.063976  66.003781 24.303
 57    -1.487 54207.73979812 52.16  44.060776  66.006871 24.303
 57    -1.500 54207.73979877 49.22  44.057576  66.009961 24.303
 57    -1.462 54207.73979941 51.46  44.054386  66.013051 24.303
 57    -1.627 54207.73980005 51.10  44.051178  66.016133 17.180
 57    -1.593 54207.73980070 46.03  44.047988  66.019223 17.180
 57    -1.618 54207.73980134 46.30  44.044778  66.022313 17.180
 57    -1.626 54207.73980199 49.17  44.041578  66.025393 17.180
 57    -1.938 54207.73980263 51.11  44.038378  66.028483 17.180
 58     3.860 54242.73982743 26.36  44.084082  65.994059 24.243
 58     3.666 54242.73982807 22.52  44.080892  65.997149 24.243
 58     3.254 54242.73982872 20.83  44.077692  66.000239 24.243
 58     1.943 54242.73982936 23.59  44.074502  66.003329 24.243
 58     1.782 54242.73983001 23.40  44.071302  66.006409 24.243
 58     2.869 54242.73983065 23.98  44.068102  66.009499 24.243
 58     3.146 54242.73983130 24.03  44.064912  66.012589 24.243
 58     3.102 54242.73983194 26.14  44.061712  66.015679 24.243
 58     2.334 54242.73983259 29.69  44.058512  66.018766 11.198
 58     2.215 54242.73983323 31.18  44.055312  66.021856 11.198
 58     1.889 54242.73983387 29.19  44.052112  66.024936 11.198
 58     1.493 54242.73983452 27.88  44.048912  66.028026 11.198
 58     0.864 54242.73983516 26.24  44.045712  66.031116 11.198
 58     0.153 54242.73983581 24.87  44.042512  66.034206 11.198
 59     0.283 54277.73984109 52.80  44.083003  65.994627 24.871
 59     0.129 54277.73984173 51.67  44.079803  65.997717 24.871
 59     0.175 54277.73984238 46.25  44.076613  66.000807 24.871
 59     0.189 54277.73984302 48.44  44.073423  66.003897 24.871
 59     0.221 54277.73984367 47.09  44.070223  66.006977 24.871
 59     0.307 54277.73984431 48.14  44.067023  66.010067 24.871
 59     0.373 54277.73984496 43.47  44.063833  66.013157 24.871
 59     0.341 54277.73984560 47.59  44.060633  66.016247 24.871
 59     0.466 54277.73984625 46.45  44.057429  66.019335 11.272
 59     0.421 54277.73984689 37.97  44.054229  66.022425 11.272
 59     0.379 54277.73984754 35.19  44.051029  66.025505 11.272
 59     0.463 54277.73984818 36.34  44.047829  66.028595 11.272
 59     0.501 54277.73984883 35.47  44.044629  66.031685 11.272
 60    -1.115 54312.73984135 26.50  44.086433  65.994307 14.413
 60    -1.100 54312.73984200 27.11  44.083243  65.997397 14.413
 60    -0.715 54312.73984264 27.10  44.080043  66.000487 14.413
 60    -0.156 54312.73984328 27.58  44.076853  66.003577 14.413
 60     0.009 54312.73984393 29.74  44.073653  66.006657 14.413
 60    -0.406 54312.73984457 32.30  44.070463  66.009747 14.413
 60     1.481 54312.73984522 33.79  44.067263  66.012837 14.413
 60     0.037 54312.73984586 37.00  44.064063  66.015927 14.413
 60     0.148 54312.73984651 37.85  44.060873  66.019017 14.413
 60     0.160 54312.73984715 36.94  44.057674  66.022102  9.249
 60     1.488 54312.73984780 36.13  44.054474  66.025192  9.249
 60     1.553 54312.73984844 33.14  44.051274  66.028272  9.249
 60     1.289 54312.73984909 32.34  44.048064  66.031362  9.249
 60     0.365 54312.73984973 33.58  44.044864  66.034452  9.249
 61     3.461 54347.73981404 23.48  44.090987  65.999564 20.316
 61     0.110 54347.73981469 23.23  44.087797  66.002654 20.316
 61     1.638 54347.73981533 21.60  44.084597  66.005744 20.316
 61     1.265 54347.73981598 25.55  44.081407  66.008824 20.316
 61     1.910 54347.73981662 27.91  44.078207  66.011914 20.316
 61     2.143 54347.73981726 29.97  44.075017  66.015004 20.316
 61     2.280 54347.73981791 33.85  44.071817  66.018094 20.316
 61     2.377 54347.73981855 32.83  44.068622  66.021185 14.729
 61     2.490 54347.73981920 32.91  44.065422  66.024265 14.729
 61     2.245 54347.73981984 29.97  44.062222  66.027355 14.729
 61     1.930 54347.73982049 32.05  44.059022  66.030445 14.729
 61     1.384 54347.73982113 31.97  44.055822  66.033535 14.729
 61     0.791 54347.73982178 30.21  44.052622  66.036625 14.729
 61    -0.097 54347.73982242 29.17  44.049422  66.039705 14.729
 62    -0.827 54382.73977796 49.13  44.082838  65.989664 30.217
 62    -0.952 54382.73977861 53.44  44.079648  65.992754 30.217
 62    -0.870 54382.73977925 53.38  44.076458  65.995844 30.217
 62    -0.962 54382.73977990 50.61  44.073258  65.998934 30.217
 62    -0.992 54382.73978054 51.07  44.070068  66.002024 30.217
 62    -0.983 54382.73978118 53.41  44.066868  66.005104 30.217
 62    -1.110 54382.73978183 47.70  44.063668  66.008194 30.217
 62    -1.170 54382.73978247 44.40  44.060478  66.011284 30.217
 62    -1.165 54382.73978312 47.09  44.057278  66.014374 30.217
 62    -1.233 54382.73978376 47.51  44.054078  66.017464 30.217
 62    -1.387 54382.73978441 47.54  44.050874  66.020547 15.838
 62    -1.501 54382.73978505 50.26  44.047674  66.023637 15.838
 62    -1.535 54382.73978570 51.42  44.044474  66.026727 15.838
 62    -1.556 54382.73978634 53.46  44.041274  66.029807 15.838
 63    -0.513 54417.73976313 45.78  44.087296  65.998276 23.122
 63    -0.569 54417.73976377 51.47  44.084106  66.001366 23.122
 63    -0.497 54417.73976442 47.17  44.080906  66.004456 23.122
 63    -0.581 54417.73976506 47.14  44.077716  66.007546 23.122
 63    -0.618 54417.73976571 47.89  44.074516  66.010626 23.122
 63    -0.578 54417.73976635 48.57  44.071326  66.013716 23.122
 63    -0.730 54417.73976700 41.28  44.068126  66.016806 23.122
 63    -0.615 54417.73976764 42.49  44.064926  66.019896 23.122
 63    -0.686 54417.73976829 43.49  44.061732  66.022984 17.851
 63    -0.781 54417.73976893 45.29  44.058532  66.026074 17.851
 63    -0.981 54417.73976958 50.51  44.055332  66.029154 17.851
 63    -1.118 54417.73977022 48.75  44.052132  66.032244 17.851
 63    -1.193 54417.73977086 48.53  44.048932  66.035334 17.851
 64     3.171 54452.73974707 38.33  44.081192  65.985732 35.869
 64     3.060 54452.73974771 37.60  44.077992  65.988812 35.869
 64     3.065 54452.73974836 39.02  44.074802  65.991902 35.869
 64     3.095 54452.73974900 37.94  44.071612  65.994992 35.869
 64     3.115 54452.73974965 36.69  44.068412  65.998082 35.869
 64     3.049 54452.73975029 34.66  44.065212  66.001172 35.869
 64     2.972 54452.73975094 31.54  44.062022  66.004252 35.869
 64     2.921 54452.73975158 32.43  44.058822  66.007342 35.869
 64     2.925 54452.73975223 34.23  44.055622  66.010432 35.869
 64     2.941 54452.73975287 35.49  44.052422  66.013522 35.869
 64     2.940 54452.73975351 35.84  44.049222  66.016602 35.869
 64     2.889 54452.73975416 35.90  44.046027  66.019692 10.261
 64     2.841 54452.73975480 36.71  44.042827  66.022782 10.261
 64     2.846 54452.73975545 36.42  44.039627  66.025872 10.261
 65    -0.702 54487.73976073 52.85  44.084896  65.997134 20.320
 65    -0.738 54487.73976137 49.93  44.081696  66.000224 20.320
 65    -0.769 54487.73976202 49.30  44.078506  66.003314 20.320
 65    -0.772 54487.73976266 45.69  44.075316  66.006404 20.320
 65    -0.959 54487.73976331 52.00  44.072116  66.009484 20.320
 65    -0.857 54487.73976395 46.56  44.068916  66.012574 20.320
 65    -1.292 54487.73976459 38.07  44.065726  66.015664 20.320
 65    -1.644 54487.73976524 38.50  44.062526  66.018754 20.320
 65    -1.648 54487.73976588 37.30  44.059321  66.021840 14.864
 65    -1.475 54487.73976653 38.93  44.056121  66.024930 14.864
 65    -1.429 54487.73976717 42.85  44.052921  66.028010 14.864
 65    -1.620 54487.73976782 47.29  44.049721  66.031100 14.864
 65    -1.486 54487.73976846 51.24  44.046521  66.034190 14.864
 66     1.101 54522.73976148 29.92  44.081485  65.992896 11.003
 66     1.125 54522.73976212 33.20  44.078285  65.995986 11.003
 66     1.051 54522.73976277 38.29  44.075095  65.999066 11.003
 66     0.806 54522.73976341 39.16  44.071895  66.002156 11.003
 66     0.701 54522.73976406 42.06  44.068705  66.005246 11.003
 66     0.454 54522.73976470 42.24  44.065505  66.008336 11.003
 66     0.334 54522.73976535 40.79  44.062308  66.011421 18.643
 66     0.170 54522.73976599 38.98  44.059108  66.014511 18.643
 66     0.188 54522.73976663 38.69  44.055908  66.017591 18.643
 66     0.177 54522.73976728 41.21  44.052708  66.020681 18.643
 66     0.357 54522.73976792 45.54  44.049508  66.023771 18.643
 66     0.121 54522.73976857 44.30  44.046308  66.026861 18.643
 66     0.153 54522.73976921 39.49  44.043108  66.029941 18.643
 68    -0.864 54592.73975788 27.66  44.082060  65.993886 13.766
 68    -0.778 54592.73975852 31.11  44.078860  65.996976 13.766
 68    -0.909 54592.73975917 34.42  44.075670  66.000066 13.766
 68    -1.095 54592.73975981 35.17  44.072470  66.003146 13.766
 68    -1.163 54592.73976046 34.36  44.069280  66.006236 13.766
 68    -1.209 54592.73976110 33.77  44.066080  66.009326 13.766
 68    -1.241 54592.73976175 34.17  44.062885  66.012416 17.621
 68    -0.971 54592.73976239 32.19  44.059685  66.015496 17.621
 68    -1.422 54592.73976303 30.72  44.056485  66.018586 17.621
 68    -1.183 54592.73976368 32.91  44.053285  66.021676 17.621
 68    -1.305 54592.73976432 36.15  44.050085  66.024766 17.621
 68    -1.314 54592.73976497 37.00  44.046885  66.027856 17.621
 68    -1.591 54592.73976561 45.16  44.043685  66.030936 17.621
 69     2.252 54627.73977294 41.14  44.085808  65.994228 15.301
 69     2.075 54627.73977359 41.26  44.082618  65.997318 15.301
 69     2.085 54627.73977423 40.55  44.079418  66.000398 15.301
 69     2.115 54627.73977488 41.66  44.076228  66.003488 15.301
 69     2.099 54627.73977552 37.67  44.073028  66.006578 15.301
 69     2.055 54627.73977616 39.86  44.069838  66.009668 15.301
 69     1.946 54627.73977681 33.83  44.066634  66.012758 10.737
 69     2.082 54627.73977745 33.96  44.063444  66.015848 10.737
 69     2.188 54627.73977810 32.37  44.060244  66.018928 10.737
 69     2.084 54627.73977874 31.71  44.057044  66.022018 10.737
 69     1.886 54627.73977939 32.30  44.053844  66.025108 10.737
 69     1.755 54627.73978003 32.85  44.050644  66.028198 10.737
 69     1.863 54627.73978068 38.61  44.047444  66.031278 10.737
 69     1.899 54627.73978132 39.20  44.044244  66.034368 10.737
 70    -1.113 54662.73978043 34.95  44.081236  65.993467 19.654
 70    -1.388 54662.73978108 30.67  44.078036  65.996547 19.654
 70    -1.021 54662.73978172 29.62  44.074846  65.999637 19.654
 70    -1.065 54662.73978237 33.02  44.071656  66.002727 19.654
 70    -0.806 54662.73978301 33.69  44.068456  66.005817 19.654
 70    -0.446 54662.73978366 32.94  44.065256  66.008907 19.654
 70     0.124 54662.73978430 32.96  44.062066  66.011995 14.866
 70    -1.219 54662.73978495 37.37  44.058866  66.015075 14.866
 70     0.371 54662.73978559 35.93  44.055666  66.018165 14.866
 70    -1.602 54662.73978624 42.17  44.052466  66.021255 14.866
 70    -1.541 54662.73978688 48.59  44.049266  66.024345 14.866
 70    -1.652 54662.73978752 47.53  44.046066  66.027435 14.866
 70    -1.698 54662.73978817 48.77  44.042866  66.030515 14.866
 71    -1.738 54697.73975594 31.84  44.089221  65.999802 10.775
 71    -0.241 54697.73975658 32.38  44.086031  66.002892 10.775
 71    -0.019 54697.73975723 29.02  44.082831  66.005972 10.775
 71     1.056 54697.73975787 27.24  44.079641  66.009062 10.775
 71     1.446 54697.73975852 28.50  44.076441  66.012152 10.775
 71     2.165 54697.73975916 29.05  44.073246  66.015245 11.816
 71     2.403 54697.73975981 31.41  44.070046  66.018325 11.816
 71    -0.241 54697.73976045 37.20  44.066856  66.021415 11.816
 71    -0.024 54697.73976110 37.83  44.063656  66.024505 11.816
 71    -0.409 54697.73976174 37.51  44.060456  66.027595 11.816
 71    -0.532 54697.73976239 36.32  44.057256  66.030685 11.816
 71    -0.448 54697.73976303 32.04  44.054056  66.033765 11.816
 71     0.362 54697.73976367 26.61  44.050856  66.036855 11.816
 72     3.141 54732.73973672 19.85  44.080033  65.989755 17.208
 72     3.112 54732.73973737 19.37  44.076833  65.992845 17.208
 72     3.172 54732.73973801 17.07  44.073643  65.995935 17.208
 72     2.522 54732.73973866 16.14  44.070443  65.999015 17.208
 72     2.224 54732.73973930 16.78  44.067253  66.002105 17.208
 72     2.228 54732.73973995 17.84  44.064053  66.005195 17.208
 72     2.248 54732.73974059 18.82  44.060863  66.008285 17.208
 72     2.074 54732.73974124 21.42  44.057665  66.011371  7.700
 72     2.030 54732.73974188 23.42  44.054465  66.014461  7.700
 72     1.798 54732.73974252 24.78  44.051265  66.017541  7.700
 72     2.055 54732.73974317 26.30  44.048065  66.020631  7.700
 72     1.620 54732.73974381 25.47  44.044865  66.023721  7.700
 73     3.869 54767.73973415 25.53  44.086902  65.994019 13.612
 73    -0.898 54767.73973480 27.71  44.083712  65.997099 13.612
 73    -0.775 54767.73973544 28.81  44.080512  66.000189 13.612
 73    -0.614 54767.73973609 30.47  44.077322  66.003279 13.612
 73    -0.687 54767.73973673 31.74  44.074122  66.006369 13.612
 73     1.109 54767.73973738 30.74  44.070932  66.009459 13.612
 73     1.699 54767.73973802 30.93  44.067731  66.012546  9.215
 73     2.037 54767.73973866 33.18  44.064541  66.015636  9.215
 73     2.213 54767.73973931 33.30  44.061341  66.018716  9.215
 73     2.141 54767.73973995 31.90  44.058141  66.021806  9.215
 73     2.023 54767.73974060 30.64  44.054941  66.024896  9.215
 73    -0.229 54767.73974124 36.30  44.051741  66.027986  9.215
 73     1.393 54767.73974189 29.25  44.048541  66.031066  9.215
 73     0.269 54767.73974253 30.80  44.045341  66.034156  9.215
 74    -0.029 54802.73973024 53.12  44.080402  65.988086 33.903
 74    -0.110 54802.73973088 51.78  44.077212  65.991176 33.903
 74     0.042 54802.73973153 49.63  44.074012  65.994256 33.903
 74     0.012 54802.73973217 49.56  44.070822  65.997346 33.903
 74    -0.048 54802.73973282 47.57  44.067622  66.000436 33.903
 74    -0.143 54802.73973346 44.88  44.064432  66.003526 33.903
 74    -0.257 54802.73973411 45.03  44.061232  66.006616 33.903
 74    -0.299 54802.73973475 45.83  44.058034  66.009701 22.821
 74    -0.355 54802.73973540 44.24  44.054834  66.012791 22.821
 74    -0.400 54802.73973604 46.01  44.051634  66.015871 22.821
 74    -0.452 54802.73973668 47.47  44.048434  66.018961 22.821
 74    -0.500 54802.73973733 45.78  44.045234  66.022051 22.821
 74    -0.528 54802.73973797 49.04  44.042034  66.025141 22.821
 74    -0.573 54802.73973862 46.03  44.038834  66.028221 22.821
 75     3.412 54837.73972736 40.80  44.085214  65.994417 20.425
 75     3.433 54837.73972800 40.75  44.082024  65.997507 20.425
 75     3.276 54837.73972865 39.76  44.078824  66.000587 20.425
 75     3.306 54837.73972929 36.53  44.075634  66.003677 20.425
 75     3.306 54837.73972994 40.43  44.072434  66.006767 20.425
 75     3.361 54837.73973058 40.51  44.069244  66.009857 20.425
 75     3.313 54837.73973122 37.17  44.066047  66.012946 21.365
 75     3.244 54837.73973187 35.20  44.062847  66.016026 21.365
 75     3.256 54837.73973251 35.86  44.059647  66.019116 21.365
 75     3.277 54837.73973316 39.51  44.056447  66.022206 21.365
 75     3.283 54837.73973380 39.84  44.053247  66.025296 21.365
 75     3.326 54837.73973445 42.11  44.050047  66.028386 21.365
 75     3.354 54837.73973509 47.64  44.046847  66.031466 21.365
 75     3.384 54837.73973574 44.13  44.043647  66.034556 21.365
 76     3.893 54872.73972944 13.24  44.081662  65.989456  3.703
 76     4.171 54872.73973009 12.92  44.078472  65.992546  3.703
 76     3.223 54872.73973073 14.21  44.075272  65.995636  3.703
 76     2.181 54872.73973138 15.57  44.072082  65.998716  3.703
 76     1.164 54872.73973202 16.23  44.068882  66.001806  3.703
 76     0.010 54872.73973266 18.99  44.065692  66.004896  3.703
 76     0.009 54872.73973331 20.41  44.062492  66.007986  3.703
 76    -0.276 54872.73973395 22.98  44.059291  66.011071 15.489
 76    -1.859 54872.73973460 25.43  44.056091  66.014161 15.489
 76    -1.610 54872.73973524 32.24  44.052901  66.017241 15.489
 76    -1.344 54872.73973589 42.86  44.049701  66.020331 15.489
 76    -1.269 54872.73973653 43.70  44.046491  66.023421 15.489
 76    -1.351 54872.73973718 49.58  44.043291  66.026511 15.489
 76    -1.614 54872.73973782 51.17  44.040091  66.029591 15.489
 77     1.370 54907.73973502 17.67  44.090355  65.997856  3.509
 77     1.439 54907.73973566 19.66  44.087165  66.000946  3.509
 77     1.226 54907.73973631 20.60  44.083975  66.004026  3.509
 77     1.239 54907.73973695 22.01  44.080775  66.007116  3.509
 77     1.329 54907.73973759 23.19  44.077585  66.010206  3.509
 77     0.909 54907.73973824 24.71  44.074388  66.013297 16.586
 77     0.410 54907.73973888 27.45  44.071198  66.016377 16.586
 77     0.212 54907.73973953 29.39  44.067998  66.019467 16.586
 77     0.078 54907.73974017 32.91  44.064798  66.022557 16.586
 77     0.028 54907.73974082 34.32  44.061598  66.025647 16.586
 77     0.551 54907.73974146 37.02  44.058398  66.028737 16.586
 77     0.483 54907.73974211 48.47  44.055198  66.031817 16.586
 77     0.292 54907.73974275 51.17  44.051998  66.034907 16.586
 77     0.381 54907.73974340 51.66  44.048798  66.037997 16.586
 78     4.439 54942.73972246 10.94  44.080632  65.989205  3.849
 78     3.625 54942.73972310 12.65  44.077442  65.992295  3.849
 78     3.429 54942.73972375 13.27  44.074242  65.995385  3.849
 78    -0.544 54942.73972439 16.22  44.071052  65.998465  3.849
 78    -0.610 54942.73972504 20.82  44.067852  66.001555  3.849
 78    -0.539 54942.73972568 24.51  44.064662  66.004645  3.849
 78    -0.529 54942.73972633 28.02  44.061462  66.007735  3.849
 78    -0.505 54942.73972697 28.89  44.058260  66.010822 17.218
 78    -0.401 54942.73972762 34.06  44.055060  66.013912 17.218
 78    -0.439 54942.73972826 37.46  44.051870  66.016992 17.218
 78    -0.038 54942.73972891 44.35  44.048670  66.020082 17.218
 78    -0.180 54942.73972955 50.04  44.045470  66.023172 17.218
 78    -0.249 54942.73973019 48.80  44.042260  66.026262 17.218
 78    -0.528 54942.73973084 46.55  44.039060  66.029342 17.218
 79     0.255 54977.73975075 48.88  44.083214  65.994042 19.291
 79     0.143 54977.73975140 42.74  44.080024  65.997132 19.291
 79     0.118 54977.73975204 42.46  44.076824  66.000212 19.291
 79     0.075 54977.73975268 48.65  44.073634  66.003302 19.291
 79     0.069 54977.73975333 46.51  44.070434  66.006392 19.291
 79     0.088 54977.73975397 44.69  44.067234  66.009482 19.291
 79    -0.127 54977.73975462 42.82  44.064044  66.012572 15.000
 79     0.012 54977.73975526 41.67  44.060844  66.015652 15.000
 79    -0.125 54977.73975591 42.28  44.057644  66.018742 15.000
 79    -0.201 54977.73975655 45.03  44.054444  66.021832 15.000
 79    -0.358 54977.73975720 47.26  44.051244  66.024922 15.000
 79    -0.487 54977.73975784 47.38  44.048044  66.028012 15.000
 79    -0.524 54977.73975849 48.67  44.044844  66.031092 15.000
 80     3.758 55012.73975768 22.18  44.085688  65.994281 20.410
 80     3.244 55012.73975833 19.01  44.082498  65.997371 20.410
 80     2.627 55012.73975897 18.66  44.079298  66.000451 20.410
 80     2.333 55012.73975962 18.90  44.076108  66.003541 20.410
 80     2.434 55012.73976026 20.15  44.072908  66.006631 20.410
 80     2.691 55012.73976091 21.03  44.069718  66.009721 20.410
 80     3.035 55012.73976155 22.84  44.066515  66.012810  9.150
 80     3.107 55012.73976220 22.29  44.063325  66.015890  9.150
 80     3.019 55012.73976284 20.30  44.060125  66.018980  9.150
 80     2.678 55012.73976349 20.75  44.056925  66.022070  9.150
 80     2.682 55012.73976413 19.55  44.053725  66.025160  9.150
 80     2.726 55012.73976478 20.16  44.050525  66.028250  9.150
 80     2.847 55012.73976542 18.17  44.047325  66.031330  9.150
 80     2.709 55012.73976606 18.04  44.044125  66.034420  9.150
 81    -0.770 55047.73975029 25.58  44.083720  65.994091 19.777
 81    -1.039 55047.73975094 27.09  44.080520  65.997181 19.777
 81    -0.716 55047.73975158 27.26  44.077330  66.000261 19.777
 81    -0.811 55047.73975223 30.85  44.074140  66.003351 19.777
 81    -0.516 55047.73975287 32.03  44.070940  66.006441 19.777
 81    -0.315 55047.73975352 32.18  44.067740  66.009531 19.777
 81     1.267 55047.73975416 29.97  44.064548  66.012619  7.848
 81     1.908 55047.73975480 30.50  44.061348  66.015709  7.848
 81     2.036 55047.73975545 30.01  44.058148  66.018789  7.848
 81     2.006 55047.73975609 29.64  44.054948  66.021879  7.848
 81     1.851 55047.73975674 28.98  44.051748  66.024969  7.848
 81     1.506 55047.73975738 30.48  44.048548  66.028059  7.848
 81     1.153 55047.73975803 28.52  44.045348  66.031139  7.848
 81     0.666 55047.73975867 27.27  44.042148  66.034229  7.848
 82    -1.244 55082.73972200 25.18  44.091402  66.000004 15.526
 82    -0.168 55082.73972265 24.34  44.088212  66.003094 15.526
 82     0.687 55082.73972329 24.27  44.085022  66.006184 15.526
 82     1.352 55082.73972394 25.74  44.081822  66.009264 15.526
 82     1.919 55082.73972458 27.40  44.078632  66.012354 15.526
 82     2.346 55082.73972523 28.93  44.075436  66.015439 11.934
 82     2.616 55082.73972587 30.41  44.072236  66.018529 11.934
 82     2.777 55082.73972652 31.85  44.069036  66.021619 11.934
 82     2.517 55082.73972716 34.84  44.065836  66.024709 11.934
 82     0.711 55082.73972781 34.36  44.062646  66.027799 11.934
 82     0.829 55082.73972845 34.79  44.059446  66.030889 11.934
 82     0.277 55082.73972910 35.94  44.056246  66.033969 11.934
 82     0.671 55082.73972974 28.77  44.053046  66.037059 11.934
 82    -0.005 55082.73973038 28.51  44.049836  66.040149 11.934
 83     2.870 55117.73968122 32.40  44.082194  65.989748 21.589
 83     2.910 55117.73968187 23.78  44.078994  65.992838 21.589
 83     2.899 55117.73968251 21.37  44.075804  65.995918 21.589
 83     2.637 55117.73968316 19.93  44.072614  65.999008 21.589
 83     2.641 55117.73968380 18.27  44.069414  66.002098 21.589
 83     2.603 55117.73968445 18.39  44.066214  66.005188 21.589
 83     2.867 55117.73968509 17.38  44.063024  66.008278 21.589
 83     3.042 55117.73968574 16.80  44.059821  66.011363  4.554
 83     4.239 55117.73968638 16.10  44.056631  66.014453  4.554
 83     5.764 55117.73968703 15.16  44.053431  66.017533  4.554
 83     5.679 55117.73968767 14.96  44.050231  66.020623  4.554
 83    28.646 55117.73968832 14.60  44.047021  66.023713  4.554
 83    27.256 55117.73968896 14.22  44.043821  66.026803  4.554
 83    32.864 55117.73968961 13.21  44.040621  66.029883  4.554
 84    -0.827 55152.73967924 39.07  44.087008  65.994255 19.834
 84    -0.934 55152.73967988 48.12  44.083818  65.997335 19.834
 84    -1.001 55152.73968053 46.09  44.080618  66.000425 19.834
 84    -1.000 55152.73968117 44.18  44.077428  66.003515 19.834
 84    -1.035 55152.73968182 43.21  44.074238  66.006605 19.834
 84    -1.281 55152.73968246 44.05  44.071038  66.009695 19.834
 84    -1.241 55152.73968311 43.80  44.067841  66.012783 15.247
 84    -1.252 55152.73968375 38.32  44.064641  66.015873 15.247
 84    -0.820 55152.73968440 38.67  44.061451  66.018953 15.247
 84     0.315 55152.73968504 38.09  44.058251  66.022043 15.247
 84    -0.090 55152.73968569 39.84  44.055051  66.025133 15.247
 84    -1.988 55152.73968633 42.05  44.051851  66.028223 15.247
 84    -1.890 55152.73968698 42.27  44.048651  66.031303 15.247
 84    -2.001 55152.73968762 46.91  44.045451  66.034393 15.247
 85     0.352 55187.73966888 50.62  44.079969  65.989111 17.911
 85     0.222 55187.73966952 47.88  44.076779  65.992201 17.911
 85     0.319 55187.73967017 47.57  44.073579  65.995281 17.911
 85     0.192 55187.73967081 45.55  44.070389  65.998371 17.911
 85     0.056 55187.73967146 36.78  44.067189  66.001461 17.911
 85    -0.325 55187.73967210 30.75  44.063999  66.004551 17.911
 85    -0.526 55187.73967275 28.96  44.060799  66.007641 17.911
 85    -0.798 55187.73967339 27.04  44.057595  66.010727 20.418
 85    -0.317 55187.73967404 25.95  44.054405  66.013817 20.418
 85    -0.373 55187.73967468 40.11  44.051205  66.016897 20.418
 85    -0.433 55187.73967533 43.91  44.048005  66.019987 20.418
 85    -0.453 55187.73967597 46.95  44.044805  66.023077 20.418
 85    -0.384 55187.73967661 48.29  44.041595  66.026167 20.418
 86     1.251 55222.73967810 17.75  44.087053  65.994384  6.721
 86     1.048 55222.73967875 20.82  44.083863  65.997474  6.721
 86     1.049 55222.73967939 22.51  44.080663  66.000554  6.721
 86     1.126 55222.73968004 23.64  44.077473  66.003644  6.721
 86     1.224 55222.73968068 25.30  44.074273  66.006734  6.721
 86     1.275 55222.73968133 24.93  44.071083  66.009824  6.721
 86     1.342 55222.73968197 25.12  44.067884  66.012913  5.076
 86     1.341 55222.73968262 24.19  44.064694  66.015993  5.076
 86     1.167 55222.73968326 22.00  44.061494  66.019083  5.076
 86     1.103 55222.73968390 19.95  44.058294  66.022173  5.076
 86     1.100 55222.73968455 18.90  44.055094  66.025263  5.076
 86     1.345 55222.73968519 18.57  44.051894  66.028353  5.076
 86     1.768 55222.73968584 17.82  44.048694  66.031433  5.076
 86     1.455 55222.73968648 17.51  44.045494  66.034523  5.076
 87     3.777 55257.73966524 10.79  44.083344  65.992485  4.515
 87     3.940 55257.73966588 11.31  44.080144  65.995575  4.515
 87     1.272 55257.73966653 12.18  44.076954  65.998655  4.515
 87     1.172 55257.73966717 12.41  44.073764  66.001745  4.515
 87     1.058 55257.73966782 13.05  44.070564  66.004835  4.515
 87     1.396 55257.73966846 13.33  44.067364  66.007925  4.515
 87     0.798 55257.73966911 14.98  44.064175  66.011011  3.258
 87     0.648 55257.73966975 14.60  44.060975  66.014101  3.258
 87     0.434 55257.73967040 15.28  44.057775  66.017181  3.258
 87     0.394 55257.73967104 16.29  44.054575  66.020271  3.258
 87     0.459 55257.73967169 15.94  44.051375  66.023361  3.258
 87     0.631 55257.73967233 15.96  44.048175  66.026451  3.258
 87     0.244 55257.73967297 16.24  44.044975  66.029531  3.258
 87    -0.333 55257.73967362 16.24  44.041775  66.032621  3.258
 88     1.602 55292.73966681 20.81  44.089574  65.999268 14.549
 88     1.528 55292.73966745 23.53  44.086384  66.002358 14.549
 88     1.486 55292.73966809 24.87  44.083184  66.005438 14.549
 88     1.490 55292.73966874 30.96  44.079994  66.008528 14.549
 88     1.403 55292.73966938 32.19  44.076804  66.011618 14.549
 88     1.327 55292.73967003 29.09  44.073606  66.014711 12.068
 88     1.332 55292.73967067 27.78  44.070406  66.017791 12.068
 88     1.222 55292.73967132 28.20  44.067206  66.020881 12.068
 88     1.205 55292.73967196 30.12  44.064016  66.023971 12.068
 88     1.168 55292.73967261 32.86  44.060816  66.027061 12.068
 88     1.120 55292.73967325 33.09  44.057616  66.030151 12.068
 88     0.991 55292.73967390 34.35  44.054416  66.033231 12.068
 88     0.980 55292.73967454 29.62  44.051216  66.036321 12.068
 88     1.003 55292.73967519 26.01  44.048006  66.039411 12.068
 89    -0.429 55327.73964908 52.20  44.083479  65.992183 29.805
 89    -0.575 55327.73964973 55.76  44.080289  65.995273 29.805
 89    -0.476 55327.73965037 52.72  44.077089  65.998363 29.805
 89    -0.671 55327.73965102 51.70  44.073899  66.001443 29.805
 89    -0.597 55327.73965166 50.28  44.070699  66.004533 29.805
 89    -0.791 55327.73965231 50.61  44.067509  66.007623 29.805
 89    -0.967 55327.73965295 50.17  44.064309  66.010713 29.805
 89    -0.948 55327.73965360 45.18  44.061111  66.013803 17.557
 89    -0.986 55327.73965424 43.90  44.057911  66.016883 17.557
 89    -1.024 55327.73965489 45.70  44.054711  66.019973 17.557
 89    -1.189 55327.73965553 48.62  44.051511  66.023063 17.557
 89    -1.354 55327.73965618 46.76  44.048311  66.026153 17.557
 89    -1.357 55327.73965682 46.77  44.045111  66.029243 17.557
 89    -1.417 55327.73965746 48.29  44.041911  66.032323 17.557
 90    -0.361 55362.73964564 31.53  44.085700  65.998221 14.637
 90    -0.592 55362.73964629 29.68  44.082510  66.001311 14.637
 90     0.221 55362.73964693 28.95  44.079310  66.004391 14.637
 90     1.159 55362.73964758 27.69  44.076120  66.007481 14.637
 90     1.616 55362.73964822 29.24  44.072920  66.010571 14.637
 90     1.714 55362.73964887 33.83  44.069723  66.013661 12.250
 90     2.418 55362.73964951 33.66  44.066523  66.016741 12.250
 90     0.236 55362.73965016 37.95  44.063333  66.019831 12.250
 90     0.100 55362.73965080 41.09  44.060133  66.022921 12.250
 90     0.120 55362.73965145 42.65  44.056933  66.026011 12.250
 90     0.326 55362.73965209 40.02  44.053733  66.029101 12.250
 90     0.131 55362.73965273 36.32  44.050533  66.032181 12.250
 90    -0.416 55362.73965338 37.12  44.047333  66.035271 12.250
 91     2.999 55397.73965244 24.08  44.080943  65.989228 18.861
 91     3.197 55397.73965308 17.85  44.077753  65.992318 18.861
 91     3.281 55397.73965373 16.13  44.074553  65.995408 18.861
 91     2.717 55397.73965437 15.23  44.071363  65.998488 18.861
 91     2.589 55397.73965502 15.06  44.068163  66.001578 18.861
 91     2.735 55397.73965566 14.65  44.064973  66.004668 18.861
 91     4.569 55397.73965631 13.82  44.061773  66.007758 18.861
 91     5.090 55397.73965695 13.09  44.058571  66.010843  4.199
 91     5.732 55397.73965760 12.83  44.055371  66.013933  4.199
 91     5.262 55397.73965824 12.97  44.052171  66.017013  4.199
 91    24.612 55397.73965888 12.01  44.048981  66.020103  4.199
 91    25.090 55397.73965953 12.56  44.045771  66.023193  4.199
 91    29.620 55397.73966017 11.74  44.042571  66.026283  4.199
 91    32.073 55397.73966082 10.86  44.039371  66.029363  4.199
 92    -0.815 55432.73966079 26.48  44.085034  65.995588 18.123
 92    -0.767 55432.73966144 27.18  44.081834  65.998678 18.123
 92    -0.648 55432.73966208 30.18  44.078644  66.001768 18.123
 92    -0.575 55432.73966273 35.14  44.075444  66.004848 18.123
 92    -0.433 55432.73966337 35.82  44.072254  66.007938 18.123
 92    -0.487 55432.73966402 34.07  44.069054  66.011028 18.123
 92     2.070 55432.73966466 30.67  44.065859  66.014118 11.351
 92     2.261 55432.73966531 32.30  44.062659  66.017198 11.351
 92     0.742 55432.73966595 35.61  44.059459  66.020288 11.351
 92     2.318 55432.73966660 33.63  44.056259  66.023378 11.351
 92     1.901 55432.73966724 35.39  44.053059  66.026468 11.351
 92    -0.938 55432.73966789 36.81  44.049859  66.029558 11.351
 92     0.803 55432.73966853 32.35  44.046659  66.032638 11.351
 92     0.478 55432.73966918 28.32  44.043459  66.035728 11.351
 93    -0.117 55467.73962023 24.12  44.090912  66.003717 19.285
 93     0.673 55467.73962087 24.88  44.087722  66.006797 19.285
 93     1.301 55467.73962152 26.56  44.084522  66.009887 19.285
 93     1.849 55467.73962216 29.19  44.081332  66.012977 19.285
 93     2.488 55467.73962281 29.01  44.078130  66.016061 12.330
 93     2.751 55467.73962345 29.77  44.074940  66.019151 12.330
 93     2.931 55467.73962410 33.33  44.071740  66.022241 12.330
 93     2.853 55467.73962474 35.50  44.068540  66.025331 12.330
 93     2.668 55467.73962539 34.74  44.065340  66.028421 12.330
 93     2.187 55467.73962603 34.24  44.062150  66.031501 12.330
 93     1.617 55467.73962668 32.03  44.058950  66.034591 12.330
 93     0.824 55467.73962732 31.47  44.055740  66.037681 12.330
 93     0.049 55467.73962796 32.14  44.052540  66.040771 12.330
